32766
32766
32765
32764
32764
32762
32761
32759
32757
32756
32753
32751
32749
32746
32743
32740
32736
32733
32729
32725
32721
32716
32711
32706
32701
32696
32691
32685
32679
32672
32667
32660
32653
32646
32639
32632
32625
32617
32609
32600
32592
32584
32575
32566
32557
32547
32538
32528
32517
32507
32497
32487
32476
32465
32453
32442
32430
32419
32406
32394
32382
32369
32356
32343
32330
32316
32303
32288
32275
32260
32246
32231
32216
32201
32185
32170
32154
32138
32123
32106
32089
32073
32056
32038
32021
32004
31986
31968
31950
31931
31913
31894
31875
31856
31836
31817
31797
31777
31757
31737
31716
31696
31674
31653
31632
31610
31588
31567
31545
31522
31499
31476
31453
31430
31407
31384
31360
31335
31311
31287
31262
31238
31213
31188
31162
31137
31111
31085
31059
31032
31006
30979
30952
30925
30898
30871
30843
30814
30786
30759
30730
30701
30673
30644
30614
30584
30555
30525
30495
30465
30435
30404
30373
30342
30311
30280
30249
30217
30185
30152
30120
30088
30055
30022
29988
29955
29922
29889
29854
29821
29787
29752
29718
29682
29648
29613
29578
29541
29506
29470
29434
29398
29362
29325
29288
29251
29213
29177
29139
29100
29063
29025
28987
28948
28909
28870
28832
28792
28752
28713
28673
28633
28593
28553
28512
28471
28431
28390
28349
28308
28266
28224
28183
28140
28097
28055
28013
27970
27927
27884
27840
27797
27753
27709
27666
27621
27576
27532
27488
27443
27398
27352
27306
27261
27215
27170
27123
27076
27031
26984
26937
26891
26843
26796
26748
26701
26652
26605
26557
26508
26460
26411
26363
26313
26264
26215
26165
26116
26066
26016
25966
25915
25865
25814
25764
25713
25662
25610
25559
25507
25456
25404
25351
25300
25247
25194
25141
25089
25035
24982
24929
24875
24821
24768
24714
24660
24605
24550
24496
24441
24387
24332
24276
24221
24165
24110
24054
23998
23942
23885
23829
23772
23716
23658
23601
23545
23487
23429
23372
23314
23256
23199
23139
23081
23023
22965
22906
22847
22788
22728
22668
22610
22550
22490
22430
22369
22309
22249
22189
22128
22068
22007
21945
21884
21822
21761
21699
21638
21576
21514
21452
21389
21327
21264
21202
21138
21075
21012
20949
20886
20822
20759
20695
20631
20567
20502
20439
20374
20309
20245
20180
20115
20050
19985
19919
19854
19788
19723
19657
19591
19525
19458
19392
19326
19259
19192
19125
19059
18992
18925
18858
18790
18722
18655
18587
18519
18451
18383
18315
18247
18178
18109
18041
17972
17903
17834
17766
17696
17626
17557
17487
17418
17348
17278
17207
17138
17067
16997
16927
16856
16786
16715
16644
16573
16501
16430
16359
16288
16216
16145
16074
16001
15929
15857
15785
15713
15641
15569
15496
15423
15351
15278
15205
15132
15058
14985
14912
14838
14765
14692
14618
14544
14470
14397
14323
14248
14174
14100
14026
13951
13877
13802
13727
13652
13577
13502
13428
13352
13277
13202
13126
13051
12975
12899
12823
12748
12672
12596
12520
12444
12368
12291
12215
12139
12062
11985
11909
11832
11755
11679
11601
11524
11447
11370
11293
11215
11138
11061
10983
10905
10828
10750
10672
10594
10516
10438
10360
10282
10203
10126
10047
9968
9890
9812
9733
9655
9576
9496
9418
9339
9260
9181
9102
9023
8944
8864
8786
8706
8627
8547
8468
8388
8308
8228
8149
8069
7989
7909
7829
7749
7669
7589
7509
7429
7348
7268
7188
7108
7027
6947
6866
6786
6705
6625
6544
6463
6382
6301
6220
6140
6059
5978
5897
5816
5735
5654
5572
5491
5410
5329
5248
5167
5085
5004
4922
4840
4759
4678
4596
4515
4433
4352
4270
4189
4107
4025
3943
3861
3779
3697
3616
3535
3453
3371
3289
3207
3125
3043
2960
2878
2796
2714
2632
2551
2469
2386
2304
2222
2140
2057
1975
1893
1811
1728
1646
1565
1482
1400
1318
1235
1153
1070
988
906
823
741
658
577
494
411
330
247
165
82
0
-82
-165
-247
-329
-411
-494
-576
-658
-741
-823
-906
-988
-1070
-1153
-1235
-1317
-1400
-1482
-1564
-1646
-1728
-1811
-1893
-1975
-2057
-2140
-2222
-2304
-2386
-2469
-2550
-2632
-2714
-2796
-2878
-2960
-3043
-3125
-3207
-3289
-3371
-3453
-3534
-3615
-3697
-3779
-3861
-3943
-4025
-4107
-4189
-4270
-4352
-4433
-4515
-4596
-4678
-4759
-4840
-4922
-5004
-5085
-5167
-5248
-5329
-5410
-5491
-5572
-5653
-5734
-5816
-5897
-5978
-6059
-6140
-6220
-6301
-6382
-6463
-6543
-6625
-6705
-6785
-6866
-6947
-7027
-7107
-7188
-7268
-7348
-7429
-7509
-7589
-7669
-7749
-7829
-7909
-7989
-8069
-8149
-8228
-8308
-8388
-8467
-8547
-8626
-8706
-8785
-8864
-8943
-9023
-9102
-9181
-9260
-9339
-9417
-9496
-9576
-9654
-9733
-9812
-9890
-9968
-10047
-10125
-10203
-10282
-10360
-10438
-10516
-10594
-10672
-10750
-10828
-10905
-10982
-11060
-11137
-11215
-11293
-11370
-11447
-11524
-11601
-11679
-11755
-11832
-11909
-11985
-12061
-12139
-12215
-12291
-12368
-12444
-12520
-12596
-12672
-12748
-12823
-12899
-12975
-13051
-13126
-13201
-13277
-13352
-13427
-13502
-13577
-13652
-13727
-13802
-13877
-13951
-14026
-14100
-14174
-14248
-14323
-14397
-14470
-14544
-14618
-14692
-14765
-14838
-14912
-14985
-15058
-15132
-15205
-15278
-15351
-15423
-15495
-15568
-15641
-15713
-15785
-15857
-15929
-16001
-16073
-16145
-16216
-16287
-16359
-16430
-16501
-16572
-16644
-16715
-16785
-16856
-16926
-16997
-17067
-17138
-17207
-17278
-17348
-17417
-17487
-17557
-17626
-17696
-17765
-17834
-17903
-17972
-18041
-18109
-18178
-18247
-18315
-18383
-18451
-18519
-18587
-18655
-18722
-18790
-18858
-18925
-18992
-19059
-19125
-19192
-19259
-19326
-19392
-19458
-19525
-19591
-19657
-19723
-19788
-19854
-19919
-19985
-20050
-20115
-20180
-20244
-20309
-20374
-20438
-20502
-20567
-20631
-20695
-20759
-20822
-20886
-20949
-21012
-21075
-21138
-21201
-21264
-21327
-21389
-21452
-21514
-21576
-21638
-21699
-21761
-21822
-21883
-21945
-22007
-22068
-22128
-22189
-22249
-22309
-22369
-22430
-22490
-22549
-22609
-22668
-22728
-22788
-22847
-22906
-22965
-23023
-23081
-23139
-23198
-23256
-23314
-23372
-23429
-23487
-23545
-23601
-23658
-23716
-23772
-23828
-23885
-23942
-23998
-24053
-24110
-24165
-24221
-24276
-24332
-24386
-24441
-24496
-24550
-24605
-24660
-24714
-24768
-24821
-24875
-24929
-24982
-25035
-25089
-25141
-25194
-25247
-25299
-25351
-25403
-25455
-25507
-25558
-25610
-25662
-25713
-25764
-25814
-25865
-25915
-25966
-26016
-26066
-26116
-26165
-26215
-26264
-26313
-26362
-26411
-26460
-26508
-26557
-26605
-26652
-26701
-26748
-26796
-26843
-26891
-26937
-26984
-27031
-27076
-27123
-27169
-27215
-27261
-27306
-27352
-27398
-27443
-27488
-27532
-27576
-27620
-27666
-27709
-27753
-27797
-27840
-27884
-27927
-27969
-28013
-28055
-28097
-28140
-28182
-28224
-28266
-28308
-28348
-28390
-28431
-28471
-28512
-28553
-28593
-28633
-28673
-28712
-28752
-28792
-28832
-28870
-28909
-28948
-28986
-29025
-29062
-29100
-29139
-29176
-29213
-29251
-29288
-29325
-29362
-29398
-29434
-29470
-29506
-29541
-29577
-29613
-29648
-29682
-29718
-29752
-29786
-29821
-29854
-29889
-29922
-29955
-29988
-30022
-30055
-30088
-30120
-30152
-30185
-30217
-30249
-30280
-30311
-30342
-30373
-30404
-30435
-30465
-30495
-30525
-30555
-30584
-30614
-30643
-30673
-30701
-30730
-30758
-30786
-30814
-30843
-30871
-30898
-30925
-30952
-30979
-31006
-31032
-31059
-31085
-31111
-31137
-31162
-31187
-31213
-31238
-31262
-31287
-31311
-31335
-31360
-31384
-31407
-31430
-31453
-31476
-31499
-31522
-31545
-31567
-31588
-31610
-31632
-31653
-31674
-31695
-31716
-31737
-31757
-31777
-31797
-31817
-31836
-31856
-31875
-31894
-31913
-31931
-31950
-31968
-31986
-32004
-32021
-32038
-32056
-32073
-32089
-32106
-32123
-32138
-32154
-32170
-32185
-32201
-32216
-32231
-32246
-32260
-32275
-32288
-32303
-32316
-32330
-32343
-32356
-32369
-32382
-32394
-32406
-32419
-32430
-32442
-32453
-32465
-32476
-32487
-32497
-32507
-32517
-32528
-32538
-32547
-32557
-32566
-32575
-32584
-32592
-32600
-32609
-32617
-32625
-32632
-32639
-32646
-32653
-32660
-32667
-32672
-32679
-32685
-32691
-32696
-32701
-32706
-32711
-32716
-32721
-32725
-32729
-32733
-32736
-32740
-32743
-32746
-32749
-32751
-32753
-32756
-32757
-32759
-32761
-32762
-32764
-32764
-32765
-32766
-32766
-32766
-32766
-32766
-32765
-32764
-32764
-32762
-32761
-32759
-32757
-32756
-32753
-32751
-32749
-32746
-32743
-32740
-32736
-32733
-32729
-32725
-32721
-32716
-32711
-32706
-32701
-32696
-32691
-32685
-32679
-32672
-32667
-32660
-32653
-32646
-32640
-32632
-32625
-32617
-32609
-32600
-32592
-32584
-32575
-32566
-32557
-32547
-32538
-32528
-32517
-32507
-32497
-32487
-32476
-32465
-32453
-32442
-32430
-32419
-32407
-32394
-32382
-32370
-32356
-32343
-32330
-32316
-32303
-32289
-32275
-32260
-32246
-32231
-32217
-32201
-32185
-32170
-32154
-32138
-32123
-32106
-32089
-32073
-32056
-32038
-32021
-32004
-31986
-31968
-31950
-31931
-31913
-31894
-31875
-31856
-31836
-31817
-31797
-31777
-31757
-31737
-31716
-31696
-31674
-31653
-31632
-31610
-31588
-31567
-31545
-31522
-31499
-31476
-31453
-31430
-31407
-31384
-31360
-31335
-31312
-31287
-31262
-31238
-31213
-31188
-31162
-31137
-31111
-31085
-31059
-31032
-31006
-30979
-30952
-30925
-30898
-30871
-30843
-30815
-30786
-30759
-30730
-30701
-30673
-30644
-30614
-30584
-30555
-30526
-30495
-30465
-30435
-30404
-30373
-30342
-30311
-30280
-30249
-30217
-30185
-30152
-30120
-30088
-30055
-30022
-29989
-29955
-29923
-29889
-29854
-29821
-29787
-29752
-29718
-29682
-29648
-29613
-29578
-29541
-29506
-29470
-29434
-29398
-29362
-29325
-29288
-29251
-29213
-29177
-29139
-29100
-29063
-29025
-28987
-28948
-28910
-28870
-28832
-28792
-28752
-28713
-28673
-28633
-28593
-28553
-28513
-28471
-28431
-28390
-28349
-28308
-28266
-28224
-28183
-28140
-28097
-28055
-28013
-27970
-27927
-27884
-27840
-27797
-27753
-27709
-27666
-27621
-27576
-27532
-27488
-27443
-27398
-27352
-27306
-27261
-27215
-27170
-27123
-27077
-27031
-26984
-26937
-26891
-26843
-26796
-26748
-26701
-26652
-26605
-26557
-26508
-26460
-26411
-26363
-26314
-26264
-26215
-26165
-26116
-26066
-26016
-25966
-25915
-25865
-25814
-25764
-25713
-25662
-25610
-25559
-25507
-25456
-25404
-25351
-25300
-25247
-25194
-25141
-25089
-25035
-24982
-24929
-24875
-24821
-24768
-24714
-24660
-24605
-24551
-24497
-24442
-24387
-24332
-24276
-24221
-24165
-24110
-24054
-23998
-23942
-23885
-23829
-23772
-23716
-23658
-23601
-23545
-23488
-23429
-23372
-23314
-23256
-23199
-23140
-23082
-23024
-22965
-22906
-22847
-22788
-22728
-22669
-22610
-22550
-22490
-22430
-22370
-22309
-22250
-22189
-22128
-22068
-22007
-21945
-21884
-21822
-21761
-21700
-21638
-21576
-21514
-21452
-21390
-21327
-21264
-21202
-21139
-21075
-21012
-20949
-20886
-20822
-20759
-20695
-20631
-20567
-20503
-20439
-20374
-20309
-20245
-20180
-20115
-20051
-19985
-19919
-19854
-19788
-19723
-19657
-19591
-19525
-19459
-19392
-19326
-19260
-19192
-19126
-19059
-18992
-18925
-18858
-18790
-18722
-18655
-18587
-18519
-18451
-18383
-18315
-18247
-18178
-18110
-18041
-17972
-17903
-17834
-17766
-17696
-17627
-17557
-17487
-17418
-17348
-17278
-17208
-17138
-17068
-16997
-16927
-16856
-16786
-16715
-16644
-16573
-16502
-16430
-16359
-16288
-16217
-16145
-16074
-16001
-15929
-15857
-15785
-15713
-15641
-15569
-15496
-15423
-15351
-15278
-15205
-15132
-15058
-14986
-14912
-14838
-14766
-14692
-14618
-14544
-14471
-14397
-14323
-14249
-14174
-14100
-14026
-13951
-13877
-13802
-13727
-13652
-13578
-13502
-13428
-13352
-13277
-13202
-13126
-13051
-12976
-12899
-12824
-12748
-12672
-12596
-12521
-12445
-12368
-12291
-12215
-12139
-12062
-11985
-11909
-11832
-11755
-11679
-11601
-11524
-11447
-11370
-11293
-11215
-11138
-11061
-10983
-10905
-10828
-10750
-10672
-10595
-10516
-10438
-10360
-10282
-10203
-10126
-10047
-9968
-9891
-9812
-9733
-9655
-9576
-9497
-9418
-9339
-9261
-9181
-9102
-9023
-8944
-8864
-8786
-8706
-8627
-8547
-8468
-8388
-8308
-8229
-8149
-8069
-7989
-7910
-7829
-7749
-7669
-7590
-7509
-7429
-7349
-7268
-7188
-7108
-7027
-6947
-6866
-6786
-6705
-6625
-6544
-6464
-6382
-6302
-6220
-6140
-6059
-5978
-5897
-5816
-5735
-5654
-5573
-5492
-5410
-5329
-5248
-5167
-5085
-5004
-4923
-4841
-4760
-4679
-4597
-4515
-4433
-4352
-4270
-4189
-4107
-4025
-3943
-3861
-3780
-3698
-3616
-3535
-3453
-3371
-3289
-3207
-3125
-3043
-2960
-2878
-2797
-2715
-2633
-2551
-2469
-2386
-2304
-2222
-2140
-2057
-1975
-1894
-1811
-1728
-1647
-1565
-1482
-1400
-1318
-1235
-1153
-1070
-988
-906
-823
-741
-659
-577
-494
-412
-330
-247
-165
-82
0
82
165
246
329
411
493
576
658
741
823
906
988
1070
1153
1234
1317
1400
1481
1564
1646
1728
1811
1893
1975
2057
2140
2221
2304
2385
2468
2550
2632
2714
2796
2878
2960
3043
3125
3207
3289
3370
3452
3534
3615
3697
3779
3861
3943
4025
4107
4189
4270
4352
4433
4515
4596
4678
4759
4840
4922
5004
5085
5167
5248
5329
5410
5491
5572
5653
5734
5815
5896
5978
6059
6140
6220
6301
6382
6463
6543
6624
6705
6785
6865
6947
7027
7107
7187
7268
7348
7428
7509
7589
7668
7748
7829
7909
7988
8069
8149
8228
8307
8388
8467
8547
8626
8706
8785
8864
8943
9022
9102
9180
9260
9339
9417
9496
9576
9654
9733
9812
9890
9968
10046
10125
10203
10282
10360
10438
10515
10594
10672
10750
10828
10904
10982
11060
11137
11215
11292
11369
11446
11523
11600
11678
11754
11831
11909
11985
12061
12138
12214
12291
12368
12444
12520
12595
12672
12748
12823
12899
12975
13050
13126
13201
13277
13352
13427
13502
13577
13652
13726
13802
13876
13951
14026
14100
14174
14248
14323
14396
14470
14544
14618
14691
14765
14838
14912
14985
15058
15132
15205
15278
15350
15422
15495
15568
15640
15713
15785
15857
15929
16001
16073
16145
16216
16287
16358
16430
16501
16572
16644
16715
16785
16856
16926
16997
17067
17138
17207
17278
17348
17417
17487
17556
17626
17696
17765
17834
17903
17972
18040
18109
18178
18247
18315
18383
18451
18519
18587
18655
18722
18790
18857
18925
18992
19059
19125
19192
19259
19325
19392
19458
19525
19591
19657
19723
19788
19854
19919
19985
20050
20115
20179
20244
20309
20374
20438
20502
20567
20631
20695
20759
20822
20886
20949
21012
21075
21138
21201
21263
21327
21389
21451
21514
21576
21637
21699
21760
21822
21883
21945
22006
22067
22128
22189
22249
22309
22369
22430
22490
22549
22609
22668
22728
22787
22846
22905
22964
23023
23081
23139
23198
23256
23314
23372
23429
23487
23545
23601
23658
23715
23772
23828
23885
23942
23998
24053
24110
24165
24220
24276
24332
24386
24441
24496
24550
24605
24660
24714
24768
24821
24875
24929
24982
25035
25088
25141
25194
25247
25299
25351
25403
25455
25507
25558
25610
25662
25712
25763
25814
25865
25915
25966
26016
26066
26116
26165
26215
26264
26313
26362
26410
26460
26508
26557
26605
26652
26700
26748
26796
26843
26890
26937
26984
27030
27076
27123
27169
27215
27261
27306
27352
27397
27442
27488
27532
27576
27620
27666
27709
27753
27797
27840
27883
27927
27969
28013
28055
28097
28140
28182
28224
28266
28308
28348
28390
28431
28471
28512
28553
28593
28633
28673
28712
28752
28792
28831
28870
28909
28948
28986
29025
29062
29100
29139
29176
29213
29251
29288
29324
29361
29398
29434
29470
29506
29541
29577
29613
29648
29682
29717
29752
29786
29821
29854
29889
29922
29955
29988
30022
30055
30088
30119
30152
30185
30216
30248
30280
30311
30342
30373
30404
30434
30465
30495
30525
30555
30584
30614
30643
30672
30701
30730
30758
30786
30814
30843
30871
30898
30925
30952
30979
31006
31032
31059
31085
31111
31137
31162
31187
31213
31238
31262
31287
31311
31335
31360
31384
31407
31430
31453
31476
31499
31522
31545
31567
31588
31610
31632
31653
31674
31695
31716
31736
31757
31777
31797
31816
31836
31856
31875
31894
31913
31931
31950
31968
31986
32004
32021
32038
32056
32073
32089
32106
32123
32138
32154
32170
32185
32201
32216
32231
32246
32260
32275
32288
32302
32316
32330
32343
32356
32369
32382
32394
32406
32419
32430
32442
32453
32465
32476
32487
32497
32507
32517
32528
32538
32547
32557
32566
32575
32584
32592
32600
32609
32617
32625
32632
32639
32646
32653
32660
32667
32672
32679
32685
32691
32696
32701
32706
32711
32716
32721
32725
32729
32733
32736
32740
32743
32746
32749
32751
32753
32756
32757
32759
32761
32762
32764
32764
32765
32766
32766
32766
32766
32766
32765
32764
32764
32762
32761
32759
32757
32756
32753
32751
32749
32746
32743
32740
32736
32733
32729
32725
32721
32716
32711
32706
32701
32696
32691
32685
32679
32672
32667
32660
32653
32646
32640
32632
32625
32617
32609
32600
32592
32584
32575
32566
32557
32547
32538
32528
32518
32507
32497
32487
32476
32465
32453
32442
32430
32419
32407
32394
32382
32370
32356
32343
32330
32316
32303
32289
32275
32260
32246
32231
32217
32201
32185
32170
32154
32138
32123
32106
32089
32073
32056
32039
32021
32004
31986
31968
31950
31931
31913
31894
31875
31856
31836
31817
31797
31777
31757
31737
31716
31696
31674
31653
31632
31610
31588
31567
31545
31522
31499
31476
31453
31430
31407
31384
31360
31335
31312
31287
31262
31238
31213
31188
31162
31137
31111
31085
31059
31032
31006
30979
30952
30925
30898
30871
30843
30815
30786
30759
30730
30701
30673
30644
30614
30584
30555
30526
30495
30465
30435
30404
30373
30342
30311
30280
30249
30217
30185
30152
30120
30088
30055
30022
29989
29955
29923
29889
29854
29821
29787
29752
29718
29682
29648
29613
29578
29541
29506
29470
29434
29398
29362
29325
29288
29251
29213
29177
29139
29100
29063
29025
28987
28948
28910
28870
28832
28793
28752
28713
28673
28633
28593
28553
28513
28472
28431
28391
28349
28308
28266
28224
28183
28140
28097
28055
28013
27970
27927
27884
27840
27797
27754
27709
27666
27621
27576
27532
27488
27443
27398
27352
27306
27261
27216
27170
27123
27077
27031
26984
26937
26891
26843
26796
26748
26701
26652
26605
26557
26509
26460
26411
26363
26314
26264
26215
26165
26116
26066
26016
25966
25915
25865
25815
25764
25713
25662
25610
25559
25507
25455
25404
25351
25300
25247
25194
25141
25089
25036
24982
24929
24875
24821
24768
24714
24660
24605
24551
24497
24442
24387
24332
24276
24221
24165
24110
24054
23998
23942
23885
23829
23772
23716
23659
23601
23545
23488
23429
23372
23314
23256
23199
23140
23082
23024
22965
22906
22847
22788
22728
22669
22610
22550
22490
22430
22370
22309
22250
22189
22128
22068
22007
21945
21884
21822
21761
21700
21638
21577
21514
21452
21390
21327
21264
21202
21139
21076
21013
20949
20886
20822
20759
20695
20632
20568
20503
20439
20374
20309
20245
20180
20115
20051
19985
19920
19854
19789
19723
19658
19591
19525
19459
19392
19326
19260
19193
19126
19059
18992
18925
18858
18791
18722
18655
18587
18519
18451
18383
18315
18247
18178
18110
18041
17972
17903
17835
17766
17696
17627
17557
17487
17418
17348
17278
17208
17138
17068
16997
16927
16856
16786
16715
16644
16573
16502
16430
16359
16288
16217
16146
16074
16002
15929
15857
15785
15713
15641
15569
15496
15423
15351
15278
15205
15132
15059
14986
14913
14839
14766
14692
14618
14545
14471
14397
14323
14249
14174
14100
14026
13952
13877
13803
13727
13652
13578
13502
13428
13353
13277
13202
13126
13051
12976
12900
12824
12748
12672
12596
12521
12445
12368
12291
12215
12139
12062
11985
11909
11832
11755
11679
11601
11524
11447
11370
11293
11215
11138
11061
10983
10905
10828
10750
10673
10595
10516
10438
10361
10282
10204
10126
10047
9968
9891
9812
9734
9655
9576
9497
9418
9339
9261
9181
9103
9023
8944
8864
8786
8706
8627
8547
8468
8389
8308
8229
8149
8070
7989
7910
7829
7749
7669
7590
7509
7429
7349
7268
7188
7108
7028
6947
6866
6786
6705
6625
6544
6464
6383
6302
6221
6140
6059
5978
5897
5816
5735
5654
5573
5492
5411
5329
5248
5167
5085
5004
4923
4841
4760
4679
4597
4515
4433
4352
4270
4189
4107
4026
3944
3862
3780
3698
3616
3535
3453
3371
3289
3207
3125
3043
2961
2879
2797
2715
2633
2551
2469
2386
2304
2222
2140
2057
1976
1894
1812
1729
1647
1565
1482
1400
1318
1235
1153
1070
989
906
823
742
659
577
494
412
330
247
165
83
0
-82
-164
-246
-329
-411
-493
-576
-658
-741
-823
-905
-988
-1070
-1152
-1234
-1317
-1399
-1481
-1564
-1646
-1728
-1811
-1893
-1975
-2057
-2139
-2221
-2303
-2385
-2468
-2550
-2632
-2714
-2796
-2878
-2960
-3043
-3124
-3206
-3288
-3370
-3452
-3534
-3615
-3697
-3779
-3861
-3943
-4025
-4106
-4188
-4269
-4351
-4432
-4514
-4596
-4678
-4759
-4840
-4922
-5003
-5084
-5166
-5247
-5329
-5410
-5491
-5572
-5653
-5734
-5815
-5896
-5977
-6058
-6140
-6220
-6301
-6382
-6463
-6543
-6624
-6705
-6785
-6865
-6947
-7027
-7107
-7187
-7268
-7348
-7428
-7508
-7589
-7668
-7748
-7829
-7909
-7988
-8069
-8148
-8228
-8307
-8388
-8467
-8547
-8626
-8706
-8785
-8864
-8943
-9022
-9102
-9180
-9260
-9338
-9417
-9496
-9575
-9654
-9733
-9811
-9890
-9968
-10046
-10125
-10203
-10282
-10360
-10437
-10515
-10594
-10672
-10750
-10827
-10904
-10982
-11060
-11137
-11214
-11292
-11369
-11446
-11523
-11600
-11678
-11754
-11831
-11908
-11985
-12061
-12138
-12214
-12290
-12368
-12444
-12520
-12595
-12671
-12748
-12823
-12899
-12975
-13050
-13126
-13201
-13276
-13352
-13427
-13502
-13577
-13652
-13726
-13802
-13876
-13951
-14025
-14100
-14173
-14248
-14323
-14396
-14470
-14544
-14618
-14691
-14765
-14838
-14912
-14985
-15058
-15132
-15205
-15278
-15350
-15422
-15495
-15568
-15640
-15712
-15785
-15857
-15929
-16001
-16073
-16145
-16216
-16287
-16358
-16430
-16501
-16572
-16643
-16715
-16785
-16856
-16926
-16997
-17067
-17137
-17207
-17278
-17348
-17417
-17487
-17556
-17626
-17695
-17765
-17834
-17903
-17971
-18040
-18109
-18178
-18247
-18315
-18383
-18451
-18519
-18587
-18655
-18722
-18790
-18857
-18924
-18992
-19059
-19125
-19192
-19259
-19325
-19392
-19458
-19524
-19591
-19657
-19722
-19788
-19853
-19919
-19984
-20050
-20115
-20179
-20244
-20309
-20373
-20438
-20502
-20567
-20631
-20695
-20759
-20822
-20886
-20949
-21012
-21075
-21138
-21201
-21263
-21327
-21389
-21451
-21514
-21576
-21637
-21699
-21760
-21822
-21883
-21945
-22006
-22067
-22128
-22188
-22249
-22309
-22369
-22430
-22489
-22549
-22609
-22668
-22727
-22787
-22846
-22905
-22964
-23023
-23081
-23139
-23198
-23255
-23314
-23372
-23429
-23487
-23544
-23601
-23658
-23715
-23772
-23828
-23885
-23941
-23998
-24053
-24110
-24165
-24220
-24276
-24331
-24386
-24441
-24496
-24550
-24605
-24660
-24714
-24768
-24821
-24875
-24929
-24982
-25035
-25088
-25141
-25193
-25247
-25299
-25351
-25403
-25455
-25507
-25558
-25610
-25662
-25712
-25763
-25814
-25865
-25915
-25966
-26016
-26066
-26116
-26165
-26215
-26264
-26313
-26362
-26410
-26460
-26508
-26556
-26605
-26652
-26700
-26748
-26795
-26843
-26890
-26937
-26984
-27030
-27076
-27122
-27169
-27215
-27261
-27306
-27351
-27397
-27442
-27487
-27532
-27576
-27620
-27665
-27709
-27753
-27796
-27840
-27883
-27927
-27969
-28013
-28055
-28097
-28140
-28182
-28224
-28266
-28308
-28348
-28390
-28431
-28471
-28512
-28553
-28593
-28633
-28673
-28712
-28752
-28792
-28831
-28870
-28909
-28948
-28986
-29025
-29062
-29100
-29139
-29176
-29213
-29251
-29287
-29324
-29361
-29398
-29434
-29470
-29506
-29541
-29577
-29613
-29648
-29682
-29717
-29752
-29786
-29821
-29854
-29889
-29922
-29955
-29988
-30022
-30055
-30087
-30119
-30152
-30184
-30216
-30248
-30279
-30311
-30342
-30373
-30404
-30434
-30465
-30495
-30525
-30555
-30584
-30614
-30643
-30672
-30701
-30730
-30758
-30786
-30814
-30843
-30871
-30898
-30925
-30952
-30979
-31006
-31032
-31059
-31085
-31110
-31137
-31162
-31187
-31213
-31237
-31262
-31287
-31311
-31335
-31360
-31384
-31407
-31430
-31453
-31476
-31499
-31522
-31545
-31567
-31588
-31610
-31632
-31653
-31674
-31695
-31716
-31736
-31757
-31777
-31797
-31816
-31836
-31856
-31875
-31894
-31913
-31931
-31950
-31968
-31986
-32004
-32021
-32038
-32056
-32073
-32089
-32106
-32123
-32138
-32154
-32170
-32185
-32201
-32216
-32231
-32246
-32260
-32274
-32288
-32302
-32316
-32330
-32343
-32356
-32369
-32382
-32394
-32406
-32419
-32430
-32442
-32453
-32465
-32476
-32487
-32497
-32507
-32517
-32528
-32538
-32547
-32557
-32566
-32575
-32584
-32592
-32600
-32609
-32617
-32625
-32632
-32639
-32646
-32653
-32660
-32667
-32672
-32679
-32685
-32691
-32696
-32701
-32706
-32711
-32716
-32721
-32725
-32729
-32733
-32736
-32740
-32743
-32746
-32748
-32751
-32753
-32756
-32757
-32759
-32761
-32762
-32764
-32764
-32765
-32766
-32766
-32766
-32766
-32766
-32765
-32764
-32764
-32762
-32761
-32759
-32757
-32756
-32753
-32751
-32749
-32746
-32743
-32740
-32736
-32733
-32729
-32725
-32721
-32716
-32711
-32706
-32701
-32696
-32691
-32685
-32679
-32672
-32667
-32660
-32653
-32646
-32640
-32632
-32625
-32617
-32609
-32600
-32592
-32584
-32575
-32566
-32557
-32547
-32538
-32528
-32518
-32507
-32498
-32487
-32476
-32465
-32453
-32442
-32430
-32419
-32407
-32394
-32382
-32370
-32356
-32343
-32330
-32316
-32303
-32289
-32275
-32260
-32246
-32231
-32217
-32201
-32185
-32170
-32154
-32138
-32123
-32106
-32089
-32073
-32056
-32039
-32021
-32004
-31986
-31968
-31950
-31931
-31913
-31894
-31875
-31856
-31836
-31817
-31797
-31777
-31757
-31737
-31716
-31696
-31674
-31653
-31632
-31610
-31588
-31567
-31545
-31522
-31499
-31476
-31453
-31430
-31408
-31384
-31360
-31335
-31312
-31287
-31263
-31238
-31213
-31188
-31162
-31137
-31111
-31085
-31060
-31032
-31006
-30979
-30952
-30925
-30898
-30871
-30843
-30815
-30787
-30759
-30730
-30701
-30673
-30644
-30614
-30584
-30555
-30526
-30495
-30465
-30435
-30405
-30373
-30342
-30311
-30280
-30249
-30217
-30185
-30152
-30120
-30088
-30055
-30022
-29989
-29955
-29923
-29889
-29855
-29821
-29787
-29752
-29718
-29682
-29648
-29613
-29578
-29541
-29506
-29470
-29434
-29398
-29362
-29325
-29288
-29251
-29213
-29177
-29139
-29100
-29063
-29025
-28987
-28948
-28910
-28870
-28832
-28793
-28752
-28713
-28674
-28633
-28593
-28553
-28513
-28472
-28432
-28391
-28349
-28308
-28266
-28225
-28183
-28140
-28098
-28055
-28013
-27970
-27927
-27884
-27841
-27797
-27754
-27709
-27666
-27621
-27576
-27532
-27488
-27443
-27398
-27352
-27307
-27262
-27216
-27170
-27123
-27077
-27031
-26984
-26937
-26891
-26843
-26796
-26748
-26701
-26653
-26605
-26557
-26509
-26460
-26411
-26363
-26314
-26265
-26215
-26165
-26116
-26066
-26016
-25966
-25915
-25865
-25815
-25764
-25713
-25662
-25610
-25559
-25507
-25456
-25404
-25351
-25300
-25247
-25194
-25141
-25089
-25036
-24982
-24929
-24875
-24822
-24768
-24714
-24660
-24605
-24551
-24497
-24442
-24387
-24332
-24276
-24221
-24165
-24111
-24054
-23998
-23942
-23886
-23829
-23772
-23716
-23659
-23602
-23545
-23488
-23430
-23372
-23315
-23256
-23199
-23140
-23082
-23024
-22965
-22906
-22847
-22788
-22728
-22669
-22610
-22550
-22490
-22430
-22370
-22310
-22250
-22189
-22129
-22068
-22007
-21946
-21884
-21823
-21761
-21700
-21638
-21577
-21514
-21452
-21390
-21327
-21264
-21202
-21139
-21076
-21013
-20949
-20886
-20822
-20759
-20696
-20632
-20568
-20503
-20439
-20374
-20310
-20245
-20180
-20115
-20051
-19985
-19920
-19854
-19789
-19723
-19658
-19591
-19525
-19459
-19392
-19326
-19260
-19193
-19126
-19060
-18992
-18925
-18858
-18791
-18723
-18655
-18587
-18519
-18452
-18383
-18315
-18247
-18179
-18110
-18041
-17972
-17903
-17835
-17766
-17696
-17627
-17557
-17488
-17418
-17348
-17279
-17208
-17138
-17068
-16997
-16927
-16856
-16786
-16716
-16644
-16573
-16502
-16431
-16359
-16288
-16217
-16146
-16074
-16002
-15930
-15858
-15785
-15713
-15641
-15569
-15496
-15423
-15351
-15278
-15206
-15133
-15059
-14986
-14913
-14839
-14766
-14692
-14618
-14545
-14471
-14397
-14324
-14249
-14174
-14100
-14026
-13952
-13877
-13803
-13727
-13652
-13578
-13502
-13428
-13353
-13277
-13202
-13127
-13051
-12976
-12900
-12824
-12749
-12672
-12596
-12521
-12445
-12369
-12291
-12215
-12139
-12062
-11985
-11909
-11832
-11755
-11679
-11601
-11524
-11447
-11370
-11293
-11215
-11138
-11061
-10983
-10905
-10828
-10751
-10673
-10595
-10516
-10438
-10361
-10283
-10204
-10126
-10047
-9969
-9891
-9812
-9734
-9655
-9576
-9497
-9418
-9339
-9261
-9181
-9103
-9023
-8944
-8865
-8786
-8707
-8627
-8548
-8468
-8389
-8308
-8229
-8149
-8070
-7989
-7910
-7830
-7749
-7669
-7590
-7510
-7429
-7349
-7269
-7188
-7108
-7028
-6948
-6866
-6786
-6706
-6625
-6544
-6464
-6383
-6302
-6221
-6141
-6060
-5978
-5897
-5816
-5735
-5654
-5573
-5492
-5411
-5330
-5249
-5167
-5085
-5004
-4923
-4841
-4760
-4679
-4597
-4515
-4433
-4352
-4270
-4189
-4107
-4026
-3944
-3862
-3780
-3698
-3616
-3535
-3453
-3371
-3289
-3208
-3126
-3044
-2961
-2879
-2797
-2715
-2633
-2551
-2469
-2386
-2304
-2222
-2140
-2058
-1976
-1894
-1812
-1729
-1647
-1565
-1482
-1400
-1318
-1235
-1153
-1071
-989
-906
-824
-742
-659
-577
-494
-412
-330
-247
-166
-83
0
81
164
246
329
411
493
576
658
741
822
905
988
1069
1152
1234
1317
1399
1481
1564
1646
1728
1810
1893
1975
2056
2139
2221
2303
2385
2468
2550
2632
2714
2796
2878
2960
3042
3124
3206
3288
3370
3452
3534
3615
3697
3779
3861
3943
4025
4106
4188
4269
4351
4432
4514
4596
4678
4759
4840
4922
5003
5084
5166
5247
5328
5409
5491
5572
5653
5734
5815
5896
5977
6058
6139
6220
6301
6382
6463
6543
6624
6704
6785
6865
6946
7027
7107
7187
7267
7348
7428
7508
7589
7669
7748
7828
7909
7988
8069
8148
8228
8307
8388
8467
8546
8626
8705
8785
8863
8943
9022
9102
9180
9260
9338
9417
9496
9575
9654
9733
9811
9890
9967
10046
10125
10203
10281
10360
10437
10515
10594
10672
10749
10827
10904
10982
11060
11137
11214
11292
11369
11446
11523
11600
11678
11754
11831
11908
11984
12061
12138
12214
12290
12367
12444
12520
12595
12671
12748
12823
12899
12975
13050
13125
13201
13276
13352
13427
13501
13577
13651
13726
13802
13876
13951
14025
14100
14173
14248
14322
14396
14470
14544
14617
14691
14765
14838
14912
14985
15058
15132
15204
15277
15350
15422
15495
15568
15640
15712
15784
15856
15929
16001
16073
16145
16216
16287
16358
16429
16501
16572
16643
16715
16785
16855
16926
16996
17067
17137
17207
17277
17347
17417
17487
17556
17626
17695
17765
17834
17902
17971
18040
18109
18178
18246
18314
18382
18451
18518
18586
18654
18722
18790
18857
18924
18991
19059
19125
19192
19259
19325
19391
19458
19524
19590
19657
19722
19788
19853
19919
19984
20050
20114
20179
20244
20309
20373
20438
20502
20567
20631
20695
20759
20821
20885
20949
21012
21075
21138
21201
21263
21326
21389
21451
21513
21576
21637
21699
21760
21822
21883
21945
22006
22067
22128
22188
22249
22309
22369
22430
22489
22549
22609
22668
22727
22787
22846
22905
22964
23023
23081
23139
23198
23255
23314
23371
23429
23487
23544
23601
23658
23715
23772
23828
23885
23941
23997
24053
24110
24164
24220
24276
24331
24386
24441
24496
24550
24604
24659
24713
24768
24821
24874
24928
24982
25035
25088
25141
25193
25247
25299
25351
25403
25455
25507
25558
25610
25661
25712
25763
25814
25865
25915
25966
26016
26066
26115
26165
26215
26264
26313
26362
26410
26460
26508
26556
26604
26652
26700
26748
26795
26843
26890
26937
26983
27030
27076
27122
27169
27215
27261
27306
27351
27397
27442
27487
27532
27576
27620
27665
27709
27753
27796
27840
27883
27927
27969
28013
28054
28097
28140
28182
28224
28266
28307
28348
28390
28431
28471
28512
28553
28593
28633
28673
28712
28752
28792
28831
28870
28909
28948
28986
29025
29062
29100
29139
29176
29213
29251
29287
29324
29361
29398
29434
29470
29506
29541
29576
29613
29648
29682
29717
29752
29786
29821
29854
29889
29922
29955
29988
30022
30055
30087
30119
30152
30184
30216
30248
30279
30311
30342
30373
30404
30434
30465
30495
30525
30555
30584
30614
30643
30672
30701
30730
30758
30786
30814
30843
30871
30898
30925
30952
30979
31006
31032
31059
31084
31110
31137
31162
31187
31213
31237
31262
31287
31311
31335
31360
31384
31407
31430
31453
31476
31499
31522
31544
31567
31588
31610
31632
31653
31674
31695
31716
31736
31757
31777
31797
31816
31836
31856
31875
31894
31913
31931
31950
31968
31986
32004
32021
32038
32055
32073
32089
32106
32123
32138
32154
32169
32185
32201
32216
32231
32246
32260
32274
32288
32302
32316
32330
32343
32356
32369
32382
32394
32406
32419
32430
32442
32453
32465
32476
32487
32497
32507
32517
32528
32538
32547
32557
32566
32575
32584
32592
32600
32609
32617
32625
32632
32639
32646
32653
32660
32667
32672
32679
32685
32691
32696
32701
32706
32711
32716
32721
32725
32729
32733
32736
32740
32743
32746
32748
32751
32753
32756
32757
32759
32761
32762
32764
32764
32765
32766
32766
32766
32766
32766
32765
32764
32764
32762
32761
32759
32757
32756
32753
32751
32749
32746
32743
32740
32736
32733
32729
32725
32721
32716
32711
32706
32701
32696
32691
32685
32679
32672
32667
32660
32653
32646
32640
32632
32625
32617
32609
32600
32592
32584
32575
32566
32557
32547
32538
32528
32518
32507
32498
32487
32476
32465
32453
32442
32430
32419
32407
32394
32382
32370
32356
32343
32330
32316
32303
32289
32275
32260
32246
32231
32217
32201
32185
32170
32154
32138
32123
32106
32089
32073
32056
32039
32021
32004
31986
31968
31950
31931
31913
31894
31876
31856
31836
31817
31797
31778
31757
31737
31716
31696
31674
31653
31632
31610
31588
31567
31545
31522
31499
31476
31453
31430
31408
31384
31360
31335
31312
31287
31263
31238
31213
31188
31162
31137
31111
31085
31060
31032
31006
30979
30952
30925
30898
30871
30843
30815
30787
30759
30730
30701
30673
30644
30614
30585
30555
30526
30495
30465
30435
30405
30373
30342
30311
30280
30249
30217
30185
30152
30120
30088
30055
30022
29989
29956
29923
29889
29855
29821
29787
29752
29718
29683
29648
29613
29578
29542
29506
29470
29434
29398
29362
29325
29288
29251
29213
29177
29139
29101
29063
29025
28987
28948
28910
28870
28832
28793
28753
28713
28674
28633
28593
28553
28513
28472
28432
28391
28349
28308
28267
28225
28183
28140
28098
28055
28014
27970
27927
27884
27841
27797
27754
27709
27666
27621
27577
27532
27488
27443
27398
27352
27307
27262
27216
27170
27123
27077
27031
26984
26938
26891
26844
26796
26749
26701
26653
26605
26557
26509
26460
26411
26363
26314
26265
26215
26165
26116
26066
26016
25966
25915
25866
25815
25764
25713
25662
25611
25559
25507
25456
25404
25351
25300
25248
25194
25142
25089
25036
24983
24929
24875
24822
24768
24714
24660
24605
24551
24497
24442
24387
24332
24277
24221
24165
24111
24054
23998
23942
23886
23829
23773
23716
23659
23602
23545
23488
23430
23372
23315
23256
23199
23140
23082
23024
22965
22906
22847
22788
22728
22669
22610
22550
22490
22431
22370
22310
22250
22189
22129
22068
22007
21946
21884
21823
21761
21700
21638
21577
21514
21452
21390
21328
21264
21202
21139
21076
21013
20950
20887
20823
20760
20696
20632
20568
20503
20439
20374
20310
20245
20180
20116
20051
19985
19920
19854
19789
19723
19658
19592
19525
19459
19393
19326
19260
19193
19126
19060
18993
18925
18858
18791
18723
18656
18588
18520
18452
18384
18316
18248
18179
18110
18041
17972
17904
17835
17766
17696
17627
17557
17488
17418
17349
17279
17208
17138
17068
16998
16927
16857
16786
16716
16644
16573
16502
16431
16359
16288
16217
16146
16074
16002
15930
15858
15786
15713
15641
15569
15496
15423
15351
15279
15206
15133
15059
14986
14913
14839
14766
14692
14619
14545
14471
14397
14324
14249
14174
14100
14027
13952
13877
13803
13727
13653
13578
13503
13428
13353
13278
13202
13127
13051
12976
12900
12824
12749
12673
12596
12521
12445
12369
12292
12215
12139
12062
11986
11910
11832
11755
11679
11601
11524
11447
11370
11293
11216
11138
11061
10983
10905
10829
10751
10673
10595
10516
10439
10361
10283
10204
10126
10047
9969
9891
9813
9734
9655
9577
9497
9418
9340
9261
9181
9103
9023
8944
8865
8786
8707
8627
8548
8468
8389
8308
8229
8150
8070
7989
7910
7830
7749
7669
7590
7510
7429
7349
7269
7189
7108
7028
6948
6867
6786
6706
6626
6544
6464
6383
6302
6221
6141
6060
5979
5897
5816
5735
5654
5573
5492
5411
5330
5249
5168
5086
5005
4923
4841
4760
4679
4597
4516
4434
4353
4271
4190
4108
4026
3944
3862
3780
3698
3616
3535
3453
3371
3290
3208
3126
3044
2961
2879
2797
2715
2633
2551
2469
2387
2305
2223
2141
2058
1976
1894
1812
1729
1647
1565
1482
1401
1318
1235
1154
1071
989
907
824
742
659
577
495
412
330
248
166
83
1
-81
-164
-246
-329
-411
-493
-576
-658
-740
-822
-905
-987
-1069
-1152
-1234
-1317
-1399
-1481
-1564
-1646
-1727
-1810
-1892
-1974
-2056
-2139
-2221
-2303
-2385
-2468
-2550
-2632
-2713
-2796
-2877
-2959
-3042
-3124
-3206
-3288
-3370
-3452
-3534
-3615
-3697
-3779
-3860
-3942
-4024
-4106
-4188
-4269
-4351
-4432
-4514
-4596
-4678
-4759
-4840
-4922
-5003
-5084
-5166
-5247
-5328
-5409
-5491
-5572
-5653
-5734
-5815
-5896
-5977
-6058
-6139
-6219
-6301
-6381
-6463
-6543
-6624
-6704
-6785
-6865
-6946
-7026
-7107
-7187
-7267
-7348
-7428
-7508
-7588
-7669
-7748
-7828
-7909
-7988
-8068
-8148
-8228
-8307
-8387
-8467
-8546
-8626
-8705
-8785
-8863
-8943
-9022
-9101
-9180
-9260
-9338
-9417
-9496
-9575
-9654
-9732
-9811
-9890
-9967
-10046
-10125
-10202
-10281
-10359
-10437
-10515
-10594
-10672
-10749
-10827
-10904
-10982
-11060
-11137
-11214
-11292
-11369
-11446
-11523
-11600
-11678
-11754
-11831
-11908
-11984
-12061
-12138
-12214
-12290
-12367
-12444
-12520
-12595
-12671
-12747
-12823
-12898
-12975
-13050
-13125
-13201
-13276
-13351
-13427
-13501
-13577
-13651
-13726
-13801
-13876
-13951
-14025
-14100
-14173
-14248
-14322
-14396
-14470
-14544
-14617
-14691
-14765
-14838
-14911
-14985
-15057
-15131
-15204
-15277
-15350
-15422
-15495
-15568
-15640
-15712
-15784
-15856
-15928
-16001
-16073
-16144
-16216
-16287
-16358
-16429
-16501
-16572
-16643
-16714
-16785
-16855
-16926
-16996
-17067
-17137
-17207
-17277
-17347
-17417
-17486
-17556
-17626
-17695
-17765
-17833
-17902
-17971
-18040
-18109
-18177
-18246
-18314
-18382
-18450
-18518
-18586
-18654
-18721
-18790
-18857
-18924
-18991
-19058
-19125
-19192
-19259
-19325
-19391
-19458
-19524
-19590
-19657
-19722
-19788
-19853
-19919
-19984
-20050
-20114
-20179
-20244
-20309
-20373
-20438
-20502
-20567
-20631
-20695
-20758
-20821
-20885
-20948
-21012
-21075
-21138
-21201
-21263
-21326
-21389
-21451
-21513
-21576
-21637
-21699
-21760
-21821
-21883
-21944
-22006
-22067
-22128
-22188
-22249
-22309
-22369
-22429
-22489
-22549
-22609
-22668
-22727
-22787
-22846
-22905
-22964
-23023
-23081
-23139
-23198
-23255
-23314
-23371
-23429
-23487
-23544
-23601
-23658
-23715
-23771
-23828
-23885
-23941
-23997
-24053
-24110
-24164
-24220
-24276
-24331
-24386
-24441
-24496
-24550
-24604
-24659
-24713
-24767
-24821
-24874
-24928
-24982
-25035
-25088
-25141
-25193
-25247
-25299
-25350
-25403
-25455
-25506
-25558
-25610
-25661
-25712
-25763
-25814
-25865
-25914
-25965
-26016
-26065
-26115
-26164
-26215
-26264
-26313
-26362
-26410
-26459
-26508
-26556
-26604
-26652
-26700
-26748
-26795
-26843
-26890
-26937
-26983
-27030
-27076
-27122
-27169
-27215
-27261
-27306
-27351
-27397
-27442
-27487
-27531
-27576
-27620
-27665
-27709
-27753
-27796
-27840
-27883
-27927
-27969
-28013
-28054
-28097
-28139
-28182
-28224
-28266
-28307
-28348
-28390
-28431
-28471
-28512
-28553
-28593
-28633
-28673
-28712
-28752
-28792
-28831
-28870
-28909
-28948
-28986
-29025
-29062
-29100
-29139
-29176
-29213
-29250
-29287
-29324
-29361
-29398
-29434
-29470
-29506
-29541
-29576
-29612
-29648
-29682
-29717
-29752
-29786
-29820
-29854
-29888
-29922
-29955
-29988
-30022
-30054
-30087
-30119
-30152
-30184
-30216
-30248
-30279
-30311
-30342
-30373
-30404
-30434
-30465
-30495
-30525
-30555
-30584
-30614
-30643
-30672
-30701
-30729
-30758
-30786
-30814
-30843
-30871
-30898
-30925
-30952
-30979
-31006
-31032
-31059
-31084
-31110
-31137
-31162
-31187
-31213
-31237
-31262
-31287
-31311
-31335
-31360
-31383
-31407
-31430
-31453
-31476
-31499
-31521
-31544
-31566
-31588
-31610
-31632
-31653
-31674
-31695
-31716
-31736
-31757
-31777
-31797
-31816
-31836
-31856
-31875
-31894
-31913
-31931
-31950
-31968
-31986
-32004
-32021
-32038
-32055
-32073
-32089
-32106
-32123
-32138
-32154
-32169
-32185
-32201
-32216
-32231
-32246
-32260
-32274
-32288
-32302
-32316
-32330
-32343
-32356
-32369
-32382
-32394
-32406
-32419
-32430
-32442
-32453
-32464
-32476
-32487
-32497
-32507
-32517
-32528
-32538
-32547
-32557
-32566
-32575
-32584
-32592
-32600
-32609
-32617
-32625
-32632
-32639
-32646
-32653
-32660
-32667
-32672
-32679
-32685
-32691
-32696
-32701
-32706
-32711
-32716
-32721
-32725
-32729
-32733
-32736
-32740
-32743
-32746
-32748
-32751
-32753
-32756
-32757
-32759
-32761
-32762
-32764
-32764
-32765
-32766
-32766
-32766
-32766
-32766
-32765
-32764
-32764
-32762
-32761
-32759
-32757
-32756
-32753
-32751
-32749
-32746
-32743
-32740
-32736
-32733
-32729
-32725
-32721
-32716
-32711
-32706
-32701
-32696
-32691
-32685
-32679
-32672
-32667
-32660
-32653
-32646
-32640
-32632
-32625
-32617
-32609
-32600
-32592
-32584
-32575
-32566
-32557
-32547
-32538
-32528
-32518
-32507
-32498
-32487
-32476
-32465
-32453
-32442
-32430
-32419
-32407
-32394
-32382
-32370
-32356
-32343
-32330
-32316
-32303
-32289
-32275
-32260
-32246
-32232
-32217
-32201
-32185
-32170
-32154
-32138
-32123
-32106
-32089
-32073
-32056
-32039
-32021
-32004
-31986
-31968
-31950
-31931
-31913
-31894
-31876
-31856
-31837
-31817
-31797
-31778
-31757
-31737
-31716
-31696
-31674
-31653
-31632
-31610
-31588
-31567
-31545
-31522
-31499
-31476
-31453
-31430
-31408
-31384
-31360
-31335
-31312
-31287
-31263
-31238
-31213
-31188
-31162
-31137
-31111
-31085
-31060
-31032
-31006
-30979
-30952
-30925
-30898
-30871
-30843
-30815
-30787
-30759
-30730
-30701
-30673
-30644
-30614
-30585
-30555
-30526
-30496
-30465
-30435
-30405
-30373
-30342
-30311
-30280
-30249
-30217
-30185
-30152
-30120
-30088
-30055
-30022
-29989
-29956
-29923
-29889
-29855
-29821
-29787
-29752
-29718
-29683
-29648
-29613
-29578
-29542
-29506
-29470
-29434
-29398
-29362
-29325
-29288
-29251
-29214
-29177
-29139
-29101
-29063
-29025
-28987
-28948
-28910
-28870
-28832
-28793
-28753
-28713
-28674
-28633
-28593
-28553
-28513
-28472
-28432
-28391
-28349
-28308
-28267
-28225
-28183
-28140
-28098
-28055
-28014
-27970
-27927
-27884
-27841
-27797
-27754
-27709
-27666
-27621
-27577
-27532
-27488
-27443
-27398
-27352
-27307
-27262
-27216
-27170
-27123
-27077
-27031
-26984
-26938
-26891
-26844
-26796
-26749
-26701
-26653
-26605
-26557
-26509
-26460
-26411
-26363
-26314
-26265
-26216
-26165
-26116
-26067
-26017
-25966
-25916
-25866
-25815
-25764
-25713
-25662
-25611
-25559
-25508
-25456
-25404
-25352
-25300
-25248
-25194
-25142
-25089
-25036
-24983
-24929
-24875
-24822
-24769
-24714
-24660
-24606
-24551
-24497
-24442
-24387
-24332
-24277
-24221
-24165
-24111
-24054
-23999
-23942
-23886
-23829
-23773
-23716
-23659
-23602
-23545
-23488
-23430
-23373
-23315
-23256
-23199
-23140
-23082
-23024
-22965
-22906
-22847
-22788
-22728
-22669
-22610
-22550
-22490
-22431
-22370
-22310
-22250
-22189
-22129
-22068
-22007
-21946
-21884
-21823
-21761
-21700
-21638
-21577
-21515
-21452
-21390
-21328
-21264
-21202
-21139
-21076
-21013
-20950
-20887
-20823
-20760
-20696
-20632
-20568
-20503
-20439
-20375
-20310
-20245
-20180
-20116
-20051
-19986
-19920
-19855
-19789
-19724
-19658
-19592
-19526
-19459
-19393
-19326
-19260
-19193
-19126
-19060
-18993
-18926
-18858
-18791
-18723
-18656
-18588
-18520
-18452
-18384
-18316
-18248
-18179
-18110
-18041
-17973
-17904
-17835
-17766
-17697
-17627
-17558
-17488
-17418
-17349
-17279
-17208
-17139
-17068
-16998
-16927
-16857
-16786
-16716
-16645
-16573
-16502
-16431
-16360
-16288
-16217
-16146
-16074
-16002
-15930
-15858
-15786
-15714
-15641
-15569
-15496
-15423
-15352
-15279
-15206
-15133
-15059
-14986
-14913
-14839
-14766
-14693
-14619
-14545
-14471
-14398
-14324
-14249
-14175
-14100
-14027
-13952
-13878
-13803
-13728
-13653
-13578
-13503
-13428
-13353
-13278
-13202
-13127
-13052
-12976
-12900
-12824
-12749
-12673
-12596
-12521
-12445
-12369
-12292
-12216
-12139
-12062
-11986
-11910
-11833
-11756
-11680
-11602
-11525
-11448
-11371
-11294
-11216
-11138
-11061
-10983
-10906
-10829
-10751
-10673
-10595
-10517
-10439
-10361
-10283
-10204
-10126
-10048
-9969
-9891
-9813
-9734
-9655
-9577
-9497
-9418
-9340
-9261
-9182
-9103
-9024
-8944
-8865
-8786
-8707
-8627
-8548
-8468
-8389
-8309
-8229
-8150
-8070
-7990
-7910
-7830
-7750
-7670
-7590
-7510
-7430
-7349
-7269
-7189
-7108
-7028
-6948
-6867
-6786
-6706
-6626
-6544
-6464
-6383
-6302
-6221
-6141
-6060
-5979
-5898
-5817
-5735
-5654
-5573
-5492
-5411
-5330
-5249
-5168
-5086
-5005
-4923
-4841
-4760
-4679
-4597
-4516
-4434
-4353
-4271
-4190
-4108
-4026
-3944
-3862
-3780
-3698
-3616
-3536
-3454
-3372
-3290
-3208
-3126
-3044
-2961
-2879
-2797
-2715
-2633
-2551
-2470
-2387
-2305
-2223
-2141
-2058
-1976
-1894
-1812
-1729
-1647
-1565
-1483
-1401
-1319
-1236
-1154
-1071
-989
-907
-824
-742
-659
-578
-495
-412
-331
-248
-166
-83
-1
81
164
246
329
410
493
576
657
740
822
905
987
1069
1152
1234
1317
1399
1481
1564
1645
1727
1810
1892
1974
2056
2139
2221
2303
2385
2468
2550
2631
2713
2795
2877
2959
3042
3124
3206
3288
3370
3452
3534
3615
3696
3778
3860
3942
4024
4106
4188
4269
4351
4432
4514
4595
4677
4758
4839
4921
5003
5084
5166
5247
5328
5409
5490
5571
5652
5734
5815
5896
5977
6058
6139
6219
6300
6381
6462
6543
6624
6704
6785
6865
6946
7026
7107
7187
7267
7347
7428
7508
7588
7668
7748
7828
7908
7988
8068
8148
8227
8307
8387
8467
8546
8626
8705
8785
8863
8943
9022
9101
9180
9259
9338
9417
9495
9575
9654
9732
9811
9889
9967
10046
10125
10202
10281
10359
10437
10515
10593
10671
10749
10827
10904
10982
11060
11137
11214
11292
11369
11446
11523
11600
11678
11754
11831
11908
11984
12061
12138
12214
12290
12367
12443
12520
12595
12671
12747
12823
12898
12975
13050
13125
13201
13276
13351
13427
13501
13577
13651
13726
13801
13876
13950
14025
14099
14173
14247
14322
14396
14470
14543
14617
14691
14765
14837
14911
14985
15057
15131
15204
15277
15350
15422
15495
15568
15640
15712
15784
15856
15928
16000
16073
16144
16215
16287
16358
16429
16501
16572
16643
16714
16785
16855
16926
16996
17066
17137
17207
17277
17347
17417
17486
17556
17626
17695
17765
17833
17902
17971
18040
18108
18177
18246
18314
18382
18450
18518
18586
18654
18721
18789
18857
18924
18991
19058
19125
19191
19259
19325
19391
19458
19524
19590
19657
19722
19787
19853
19919
19984
20050
20114
20179
20244
20308
20373
20438
20502
20567
20631
20694
20758
20821
20885
20948
21012
21075
21138
21201
21263
21326
21389
21451
21513
21575
21637
21699
21760
21821
21883
21944
22006
22067
22127
22188
22249
22308
22369
22429
22489
22549
22609
22668
22727
22787
22846
22905
22964
23023
23081
23139
23198
23255
23313
23371
23428
23487
23544
23601
23658
23715
23771
23828
23884
23941
23997
24053
24109
24164
24220
24275
24331
24386
24441
24496
24550
24604
24659
24713
24767
24820
24874
24928
24981
25035
25088
25140
25193
25246
25299
25350
25403
25455
25506
25558
25610
25661
25712
25763
25814
25864
25914
25965
26015
26065
26115
26164
26214
26264
26313
26362
26410
26459
26508
26556
26604
26652
26700
26748
26795
26843
26890
26937
26983
27030
27076
27122
27169
27215
27261
27306
27351
27397
27442
27487
27531
27576
27620
27665
27708
27753
27796
27840
27883
27926
27969
28013
28054
28097
28139
28182
28224
28266
28307
28348
28390
28431
28471
28512
28552
28592
28633
28673
28712
28752
28792
28831
28870
28909
28948
28986
29025
29062
29100
29138
29176
29213
29250
29287
29324
29361
29398
29433
29469
29506
29541
29576
29612
29648
29682
29717
29752
29786
29820
29854
29888
29922
29955
29988
30022
30054
30087
30119
30151
30184
30216
30248
30279
30311
30342
30373
30404
30434
30465
30495
30525
30554
30584
30613
30643
30672
30701
30729
30758
30786
30814
30843
30871
30898
30925
30952
30979
31006
31032
31059
31084
31110
31136
31162
31187
31213
31237
31262
31287
31311
31335
31360
31383
31407
31430
31453
31476
31499
31521
31544
31566
31588
31610
31631
31653
31674
31695
31716
31736
31757
31777
31797
31816
31836
31855
31875
31894
31913
31931
31950
31968
31986
32004
32021
32038
32055
32073
32089
32106
32123
32138
32154
32169
32185
32201
32216
32231
32246
32260
32274
32288
32302
32316
32330
32343
32356
32369
32382
32394
32406
32419
32430
32442
32453
32464
32476
32487
32497
32507
32517
32528
32538
32547
32557
32566
32575
32584
32592
32600
32609
32616
32625
32632
32639
32646
32653
32660
32667
32672
32679
32685
32691
32696
32701
32706
32711
32716
32721
32725
32729
32733
32736
32740
32743
32746
32748
32751
32753
32756
32757
32759
32761
32762
32764
32764
32765
32766
32766
32766
32766
32766
32765
32764
32764
32762
32761
32759
32757
32756
32753
32751
32749
32746
32743
32740
32736
32733
32729
32725
32721
32716
32711
32706
32701
32696
32691
32685
32679
32673
32667
32660
32653
32646
32640
32632
32625
32617
32609
32600
32592
32584
32575
32566
32557
32547
32538
32528
32518
32507
32498
32487
32476
32465
32453
32442
32430
32419
32407
32394
32382
32370
32356
32343
32330
32316
32303
32289
32275
32260
32246
32232
32217
32201
32185
32170
32154
32138
32123
32106
32089
32073
32056
32039
32021
32004
31986
31968
31950
31931
31913
31894
31876
31856
31837
31817
31797
31778
31757
31737
31716
31696
31674
31653
31632
31610
31588
31567
31545
31522
31499
31476
31453
31430
31408
31384
31360
31335
31312
31287
31263
31238
31213
31188
31162
31137
31111
31085
31060
31032
31006
30979
30952
30925
30898
30871
30844
30815
30787
30759
30730
30701
30673
30644
30614
30585
30555
30526
30496
30465
30435
30405
30374
30342
30311
30280
30249
30217
30185
30152
30120
30088
30055
30023
29989
29956
29923
29889
29855
29821
29787
29753
29718
29683
29648
29613
29578
29542
29506
29470
29434
29399
29362
29325
29288
29251
29214
29176
29139
29101
29063
29025
28987
28949
28910
28871
28832
28793
28753
28713
28674
28634
28593
28553
28513
28472
28432
28391
28349
28308
28267
28225
28183
28140
28098
28055
28014
27970
27928
27884
27841
27797
27754
27710
27666
27621
27577
27532
27488
27443
27398
27352
27307
27262
27216
27170
27123
27077
27031
26984
26938
26891
26844
26796
26749
26701
26653
26606
26557
26509
26461
26411
26363
26314
26265
26216
26166
26117
26067
26017
25967
25916
25866
25815
25764
25713
25663
25611
25559
25508
25456
25404
25352
25300
25248
25194
25142
25089
25036
24983
24930
24876
24822
24769
24715
24661
24606
24551
24497
24442
24387
24333
24277
24221
24166
24111
24054
23999
23943
23886
23829
23773
23716
23659
23602
23546
23488
23430
23373
23315
23257
23199
23140
23082
23024
22965
22906
22847
22788
22729
22669
22610
22550
22491
22431
22370
22310
22250
22190
22129
22068
22008
21946
21884
21823
21762
21700
21638
21577
21515
21452
21390
21328
21265
21202
21139
21076
21013
20950
20887
20823
20760
20696
20632
20568
20503
20439
20375
20310
20245
20181
20116
20051
19986
19920
19855
19789
19724
19658
19592
19526
19459
19393
19327
19260
19193
19126
19060
18993
18926
18859
18791
18723
18656
18588
18520
18452
18384
18316
18248
18179
18110
18042
17973
17904
17835
17766
17697
17627
17558
17488
17418
17349
17279
17208
17139
17068
16998
16927
16857
16786
16716
16645
16573
16502
16431
16360
16288
16217
16146
16074
16002
15930
15858
15786
15714
15642
15570
15497
15424
15352
15279
15206
15133
15059
14986
14913
14839
14766
14693
14619
14545
14471
14398
14324
14249
14175
14101
14027
13952
13878
13803
13728
13653
13578
13503
13429
13353
13278
13202
13127
13052
12976
12900
12824
12749
12673
12597
12521
12445
12369
12292
12216
12140
12063
11986
11910
11833
11756
11680
11602
11525
11448
11371
11294
11216
11138
11062
10984
10906
10829
10751
10673
10595
10517
10439
10361
10283
10204
10127
10048
9969
9891
9813
9734
9656
9577
9497
9419
9340
9261
9182
9103
9024
8945
8865
8787
8707
8628
8548
8469
8389
8309
8229
8150
8070
7990
7910
7830
7750
7670
7590
7510
7430
7349
7269
7189
7109
7028
6948
6867
6786
6706
6626
6545
6464
6383
6303
6221
6141
6060
5979
5898
5817
5736
5655
5573
5492
5411
5330
5249
5168
5086
5005
4924
4841
4760
4679
4597
4516
4434
4353
4271
4190
4108
4026
3944
3862
3780
3698
3617
3536
3454
3372
3290
3208
3126
3044
2961
2879
2797
2715
2634
2552
2470
2387
2305
2223
2141
2058
1976
1894
1812
1729
1647
1566
1483
1401
1319
1236
1154
1071
989
907
824
742
660
578
495
413
331
248
166
83
1
-81
-164
-246
-328
-410
-493
-575
-657
-740
-822
-904
-987
-1069
-1152
-1234
-1316
-1399
-1481
-1563
-1645
-1727
-1810
-1892
-1974
-2056
-2139
-2221
-2303
-2385
-2467
-2549
-2631
-2713
-2795
-2877
-2959
-3042
-3124
-3206
-3288
-3370
-3452
-3533
-3614
-3696
-3778
-3860
-3942
-4024
-4106
-4188
-4269
-4351
-4432
-4514
-4595
-4677
-4758
-4839
-4921
-5003
-5084
-5166
-5247
-5328
-5409
-5490
